%YAML:1.0
cam_overlaps: []
camera_model: "pinhole"
focal: 1029.691655728087
D: [-0.4372516589592219,0.36501596763506483,-0.00018497591243437367,0.00038683735279990215]
KMat: !!opencv-matrix
    rows:3
    cols:3
    dt:d
    data:[1060.691655728087, 0.0, 983.4320522549042, 0.0, 1061.15744544259, 590.0641399811893, 0.0,0.0,1.0]
distortion_model: radtan
# RMat: !!opencv-matrix
#    rows: 3
#    cols: 3
#    dt: f
#    data: [8.66276870e-01,4.79576220e-01,1.39896490e-01,-4.72559850e-01,8.77487000e-01,-8.18764400e-02,-1.62023350e-01,4.81820000e-03,9.86775160e-01]
# EYEMat: !!opencv-matrix
#     rows:3
#     cols:3
#     dt:u
#     data:[1,0,0,0,1,0,0,0,1]

resolution: [1920, 1080]

rostopic: "/cam0/image_raw"

